[[0,
  [['UNEMPLOYMENT_OV16',
    [(29.98545944866005, -90.12218982685286),
     (30.02457357666901, -90.05429492501544),
     (29.968516739438776, -90.1195311145475),
     (29.97472398786712, -90.01247979931888)]],
   ['PERCENT_POP_BLACK_OR_AA_ALONE',
    [(30.007395667258333, -90.11847827466146),
     (29.963602740526458, -90.07226637894273),
     (29.956911744993683, -90.13344907167216),
     (30.05390353201853, -89.96381057112357)]],
   ['PERCENT_BELOW_POVERTY',
    [(29.921884136297688, -90.12373209316019),
     (29.946540495698393, -90.05105615615808),
     (29.94056523575191, -90.09621295003288),
     (30.019664301322095, -90.00103460593071)]],
   ['MEDIAN_EARNINGS_IN_DOLLARS_POPULATION_16_YEARS_AND_OVER_WITH_EARNINGS',
    [(30.007119387379422, -90.02059782513412),
     (30.001015169923573, -90.04782339882658),
     (29.898991776210494, -90.0009718523199),
     (29.955007850505215, -90.04667402598012)]],
   ['PERCENT_HOUSEHOLD_NO_VEHICLE',
    [(30.051128017946198, -89.93069941894589),
     (29.952291305744147, -90.1043216180978),
     (30.040430574997504, -89.91509216555639),
     (29.97067313434735, -90.06471516671556)]]]],
 [1,
  [['UNEMPLOYMENT_OV16',
    [(29.976363912461228, -90.0621830081691),
     (30.038295864328294, -89.9768938936363),
     (29.973207523900207, -90.12206692384726),
     (29.947947518158276, -90.09508491127609)]],
   ['PERCENT_POP_BLACK_OR_AA_ALONE',
    [(29.925581511808907, -90.073348455398),
     (29.96953041965127, -90.0570524834431),
     (30.005225269795424, -90.04207222178258),
     (30.023964085325787, -90.04755969208672)]],
   ['PERCENT_BELOW_POVERTY',
    [(29.946361771886952, -90.10669850554235),
     (29.95675085361615, -90.10843432016587),
     (30.0391511582521, -89.99786416473049),
     (29.982401584539012, -90.06339934952167)]],
   ['MEDIAN_EARNINGS_IN_DOLLARS_POPULATION_16_YEARS_AND_OVER_WITH_EARNINGS',
    [(29.93530454497348, -90.02284033359531),
     (29.938975326998705, -90.04909404603303),
     (29.942050545731934, -90.07510127512984),
     (30.019990262923937, -90.12020589575125)]],
   ['PERCENT_HOUSEHOLD_NO_VEHICLE',
    [(30.01812350909057, -90.08003810511427),
     (30.03370687324695, -89.98525351416069),
     (29.96906391955649, -90.08656183779418),
     (29.97258345534069, -90.05729599785201)]]]],
 [2,
  [['UNEMPLOYMENT_OV16',
    [(30.00809190613009, -90.10165055755054),
     (29.970273254063247, -90.03685413826585),
     (30.029386792223367, -89.99346221861568),
     (29.962017840087306, -90.00668362117071)]],
   ['PERCENT_POP_BLACK_OR_AA_ALONE',
    [(29.924044323543164, -90.12399269083085),
     (29.963626598525792, -90.07100199029887),
     (29.97679606050375, -90.05504599205145),
     (29.957806648279874, -90.07372335290879)]],
   ['PERCENT_BELOW_POVERTY',
    [(29.995270609210916, -90.10533380472566),
     (29.944751882493954, -90.0337041202636),
     (29.94907942046039, -90.11867663704923),
     (29.964120578298058, -90.07763586811073)]],
   ['MEDIAN_EARNINGS_IN_DOLLARS_POPULATION_16_YEARS_AND_OVER_WITH_EARNINGS',
    [(29.933499750562053, -90.09188958404754),
     (29.975782361821853, -90.05496198879261),
     (29.956296520725086, -90.11094321683804),
     (29.921604259031614, -90.10394736467909)]],
   ['PERCENT_HOUSEHOLD_NO_VEHICLE',
    [(29.92909297058274, -90.08341728783708),
     (30.018854049025414, -90.06105312427275),
     (29.99387244689224, -90.07578263289979),
     (29.970491025970208, -90.03291284643211)]]]],
 [3,
  [['UNEMPLOYMENT_OV16',
    [(29.928748591275312, -90.13359649599006),
     (30.0307840076189, -90.01954520623364),
     (29.95277019002409, -90.134847624602),
     (30.013142016754447, -90.05679878663047)]],
   ['PERCENT_POP_BLACK_OR_AA_ALONE',
    [(29.990403147236155, -90.10675360730357),
     (29.967582405348704, -90.04422011698311),
     (29.955653057855198, -90.09581750984817),
     (30.020718241028874, -90.0357007167124)]],
   ['PERCENT_BELOW_POVERTY',
    [(29.924857034980928, -90.12597477140298),
     (29.97565112223366, -90.09023794965101),
     (30.034945486477607, -89.92663654732496),
     (29.941312360108398, -90.0812594051672)]],
   ['MEDIAN_EARNINGS_IN_DOLLARS_POPULATION_16_YEARS_AND_OVER_WITH_EARNINGS',
    [(30.000074751372942, -90.06389620321376),
     (29.970814867435074, -90.04415649380311),
     (30.0132595887908, -90.04772848373197),
     (30.022385497958638, -90.08144567712958)]],
   ['PERCENT_HOUSEHOLD_NO_VEHICLE',
    [(30.044720797143196, -89.96587112223072),
     (29.933106191541615, -90.11065395482497),
     (29.992547517259727, -90.06761095700084),
     (29.96938289567368, -90.1140654643216)]]]],
 [4,
  [['UNEMPLOYMENT_OV16',
    [(30.003123676401742, -90.11597807907111),
     (30.03879372089862, -89.92370974899272),
     (30.019484595238364, -89.99067006337147),
     (29.95991414836113, -90.07307347569964)]],
   ['PERCENT_POP_BLACK_OR_AA_ALONE',
    [(29.9808283319815, -90.11447987333183),
     (29.936356327828562, -90.09543418703835),
     (29.92224434126796, -90.07356064375631),
     (30.037738825528947, -89.98195957616846)]],
   ['PERCENT_BELOW_POVERTY',
    [(29.929583293952017, -90.07679319806856),
     (29.952867241979902, -90.04024722421428),
     (29.973018313871975, -90.05018671811706),
     (29.96066035764239, -90.07612486766685)]],
   ['MEDIAN_EARNINGS_IN_DOLLARS_POPULATION_16_YEARS_AND_OVER_WITH_EARNINGS',
    [(29.929486487864786, -90.03318988147583),
     (29.93072833231743, -90.02550531883631),
     (29.97101972952444, -90.09762465879007),
     (29.901296236701416, -89.95191258910299)]],
   ['PERCENT_HOUSEHOLD_NO_VEHICLE',
    [(29.91757689180008, -90.11590863929966),
     (29.941267318956637, -90.13448552538908),
     (30.00677020251563, -90.06469047651998),
     (29.94238495420959, -90.04966802907539)]]]],
 [5,
  [['UNEMPLOYMENT_OV16',
    [(29.941851146822035, -90.11053077513827),
     (29.930197786625772, -90.07391130112748),
     (29.965544335369383, -90.07933601422754),
     (29.96977469870545, -90.04446867453402)]],
   ['PERCENT_POP_BLACK_OR_AA_ALONE',
    [(29.977372202574305, -90.11261682672139),
     (29.932397688118726, -90.08358187536679),
     (29.964120578298058, -90.07763586811073),
     (30.01197132310045, -90.06671921918124)]],
   ['PERCENT_BELOW_POVERTY',
    [(29.94690706574704, -90.1140102224232),
     (29.952613833529348, -90.06419486429964),
     (30.045766192048355, -89.97918660085391),
     (30.041161980918087, -89.98444899197538)]],
   ['MEDIAN_EARNINGS_IN_DOLLARS_POPULATION_16_YEARS_AND_OVER_WITH_EARNINGS',
    [(29.984978803929476, -90.03801993051907),
     (29.925594793812817, -90.02341985295477),
     (30.004801221565497, -90.05709412035654),
     (29.959603542609727, -90.0595491495527)]],
   ['PERCENT_HOUSEHOLD_NO_VEHICLE',
    [(29.92774573723985, -90.13155492538655),
     (29.920235965509914, -90.08745875889298),
     (29.95384233132475, -90.01280972626822),
     (29.969194938275983, -90.06278825348167)]]]],
 [6,
  [['UNEMPLOYMENT_OV16',
    [(29.965305930933944, -90.06256678103489),
     (29.952220887182516, -90.11182539119315),
     (29.910178829184257, -89.99323133272303),
     (29.93704239829794, -90.04032070191296)]],
   ['PERCENT_POP_BLACK_OR_AA_ALONE',
    [(29.921269030940792, -90.08490881819547),
     (29.965163318363054, -90.0391689305647),
     (29.959799580338714, -90.09300355339036),
     (30.017535395549405, -90.02165788927167)]],
   ['PERCENT_BELOW_POVERTY',
    [(29.925326047767847, -90.11494325759305),
     (29.951605496897884, -90.12526346290313),
     (29.98027202630329, -90.03204932828882),
     (29.962260877606926, -90.12318874356733)]],
   ['MEDIAN_EARNINGS_IN_DOLLARS_POPULATION_16_YEARS_AND_OVER_WITH_EARNINGS',
    [(29.974405242892658, -90.06089520853061),
     (29.97216900117307, -90.03541511982569),
     (29.974231458392627, -90.10650767642655),
     (29.976760146739004, -90.08621559115107)]],
   ['PERCENT_HOUSEHOLD_NO_VEHICLE',
    [(29.941250804692867, -90.11747893034891),
     (30.00265556661955, -90.04629356160952),
     (29.936097824296198, -90.02781246018388),
     (29.913758320572786, -90.01768292947939)]]]],
 [7,
  [['UNEMPLOYMENT_OV16',
    [(29.917496121964483, -90.10692559964617),
     (30.015536875044482, -90.07892468554041),
     (30.025621084980923, -89.96883142323148),
     (29.976595690897774, -90.02071265947181)]],
   ['PERCENT_POP_BLACK_OR_AA_ALONE',
    [(29.923175419534736, -90.09706176814484),
     (29.983503434349537, -90.08900509277193),
     (29.95870549876644, -90.01174285020586),
     (30.052441416120807, -89.954958068359)]],
   ['PERCENT_BELOW_POVERTY',
    [(29.98328897063855, -90.09380371694989),
     (29.953733949447184, -90.12626154328606),
     (29.975716957209038, -90.05609293000607),
     (29.954305468911688, -90.01147592749729)]],
   ['MEDIAN_EARNINGS_IN_DOLLARS_POPULATION_16_YEARS_AND_OVER_WITH_EARNINGS',
    [(29.9693526694568, -90.01811193431637),
     (29.97181627324085, -90.0030790798892),
     (29.981532788863326, -90.0710701409879),
     (29.95285619431955, -90.12355138805763)]],
   ['PERCENT_HOUSEHOLD_NO_VEHICLE',
    [(29.919134002234003, -90.09664389253594),
     (30.014669654395696, -90.05918760280368),
     (29.93426200866896, -90.03632753955809),
     (29.937513017213654, -90.09087105351716)]]]],
 [8,
  [['UNEMPLOYMENT_OV16',
    [(30.004365386667946, -90.10279157157329),
     (29.970290593064387, -90.03202653892839),
     (29.96605904465739, -90.10336296028112),
     (29.945211164228375, -90.08459237136528)]],
   ['PERCENT_POP_BLACK_OR_AA_ALONE',
    [(29.994119042899836, -90.12011006707),
     (30.020859267987547, -90.08200256972367),
     (29.977100983429594, -90.07027446451319),
     (30.0278741553592, -90.00270622694403)]],
   ['PERCENT_BELOW_POVERTY',
    [(29.93024981135338, -90.07576601766029),
     (29.9205295536319, -90.1049807793954),
     (29.970430217009667, -90.07341210732409),
     (29.965496480981844, -90.07640296362092)]],
   ['MEDIAN_EARNINGS_IN_DOLLARS_POPULATION_16_YEARS_AND_OVER_WITH_EARNINGS',
    [(29.97055690016213, -90.05713403699619),
     (30.026569601999906, -89.99264628333468),
     (29.964798299726485, -90.02251023686439),
     (29.91842341624898, -90.12296301220779)]],
   ['PERCENT_HOUSEHOLD_NO_VEHICLE',
    [(29.91704791343365, -89.96344081646781),
     (29.939689928559858, -90.11007547391799),
     (30.045624827276598, -89.98272119391748),
     (29.968251288354377, -90.06153884514349)]]]],
 [9,
  [['UNEMPLOYMENT_OV16',
    [(29.919142801937042, -90.12772065075092),
     (29.935595247240514, -90.0986506201845),
     (30.02907027989633, -89.98180833580723),
     (30.040430574997504, -89.91509216555639)]],
   ['PERCENT_POP_BLACK_OR_AA_ALONE',
    [(30.020178401060228, -90.11567529292145),
     (30.0189510846367, -90.08464804804828),
     (29.932836766695377, -90.02369060338476),
     (29.95822253525482, -90.07250963463683)]],
   ['PERCENT_BELOW_POVERTY',
    [(29.9808448171056, -90.11489116159478),
     (29.915935019615834, -89.98842908384289),
     (29.946663879383262, -90.13219054184056),
     (29.980280109397512, -90.06483837155511)]],
   ['MEDIAN_EARNINGS_IN_DOLLARS_POPULATION_16_YEARS_AND_OVER_WITH_EARNINGS',
    [(30.018502287332424, -90.02164468942688),
     (30.055415567033066, -89.97264668412582),
     (29.932553035550715, -90.07345798877722),
     (30.00711059157283, -90.11112508256394)]],
   ['PERCENT_HOUSEHOLD_NO_VEHICLE',
    [(29.98094284074345, -90.09755655571175),
     (29.935256410572233, -90.06410348497398),
     (29.95747813355758, -90.10060824681796),
     (29.948131615322776, -90.07663593091009)]]]],
 [10,
  [['UNEMPLOYMENT_OV16',
    [(29.99198777689418, -90.10657808548021),
     (29.942029933228014, -90.12645835518167),
     (30.029869441497546, -89.97824126415455),
     (30.00080807862535, -90.05786180892022)]],
   ['PERCENT_POP_BLACK_OR_AA_ALONE',
    [(29.92314801792146, -90.12689332483212),
     (29.969839746923693, -90.05209034342555),
     (29.98419350642273, -90.06752004210419),
     (29.97287537075058, -90.12491537381537)]],
   ['PERCENT_BELOW_POVERTY',
    [(29.93448465565863, -90.10049695184246),
     (29.966903359693838, -90.00543573817188),
     (30.055327741197463, -89.96684840661484),
     (30.039606766857773, -89.98165990627452)]],
   ['MEDIAN_EARNINGS_IN_DOLLARS_POPULATION_16_YEARS_AND_OVER_WITH_EARNINGS',
    [(29.9609569862591, -90.12158513400419),
     (29.95874721184778, -90.01545298305912),
     (29.962358379470228, -90.09525098731424),
     (30.017600558708743, -90.1177243716441)]],
   ['PERCENT_HOUSEHOLD_NO_VEHICLE',
    [(29.949658293364774, -90.04700965992647),
     (29.925836638863064, -90.08100645575287),
     (29.975742538245218, -90.09944397181924),
     (29.96348465673129, -90.01192731655452)]]]],
 [11,
  [['UNEMPLOYMENT_OV16',
    [(29.942015816618355, -90.06461257731348),
     (30.05293633477999, -89.95602584722822),
     (29.943904933569375, -90.10510937412666),
     (29.949259170716633, -90.10004040915044)]],
   ['PERCENT_POP_BLACK_OR_AA_ALONE',
    [(29.92863646227226, -90.07438042472504),
     (29.933537356034293, -90.0931482064056),
     (30.025391226214275, -89.94362130701553),
     (29.995727488426983, -90.08636286006043)]],
   ['PERCENT_BELOW_POVERTY',
    [(30.00623667408581, -90.10129682075458),
     (29.918408335494615, -90.10590743742507),
     (29.970814867435074, -90.04415649380311),
     (29.946548355027225, -90.09757304159386)]],
   ['MEDIAN_EARNINGS_IN_DOLLARS_POPULATION_16_YEARS_AND_OVER_WITH_EARNINGS',
    [(29.935495075452394, -90.09240840963315),
     (30.022171188269155, -90.05978520345317),
     (29.93405990916979, -90.08052413949706),
     (29.950815137076038, -90.05095093289557)]],
   ['PERCENT_HOUSEHOLD_NO_VEHICLE',
    [(30.019545808172555, -90.11571974784992),
     (29.9487805598575, -90.1315459763697),
     (29.944616237453065, -90.0326116035881),
     (29.952295780406846, -90.09334092917004)]]]],
 [12,
  [['UNEMPLOYMENT_OV16',
    [(29.97309754764811, -90.0682281750595),
     (30.03879372089862, -89.92370974899272),
     (29.967559998119214, -90.06873253687071),
     (29.936853543689175, -90.09229228172141)]],
   ['PERCENT_POP_BLACK_OR_AA_ALONE',
    [(29.921174623361207, -90.11707547359862),
     (29.94960990749394, -90.12116690805232),
     (30.001816679089654, -90.09294063359121),
     (29.968063265002574, -90.02376471529402)]],
   ['PERCENT_BELOW_POVERTY',
    [(29.968694619533192, -90.05439285395782),
     (29.935125931757113, -90.06275209539317),
     (30.020974690371276, -90.01075357780428),
     (29.966026723212376, -90.07861619958027)]],
   ['MEDIAN_EARNINGS_IN_DOLLARS_POPULATION_16_YEARS_AND_OVER_WITH_EARNINGS',
    [(29.930325139959425, -90.03614652094349),
     (29.988623501495198, -90.07709154204915),
     (29.939382315002792, -90.11560033030763),
     (29.93369575956877, -90.09816438368077)]],
   ['PERCENT_HOUSEHOLD_NO_VEHICLE',
    [(30.034795446677766, -90.04207093270014),
     (30.00284100706204, -90.05397385096323),
     (29.934272796825997, -90.08845866734754),
     (29.98353403908255, -90.06162146320017)]]]],
 [13,
  [['UNEMPLOYMENT_OV16',
    [(29.932460235362246, -90.13178239139292),
     (29.91995642541163, -90.09901375874821),
     (29.957287772051078, -90.12246536979491),
     (29.992285224598643, -90.05172738632152)]],
   ['PERCENT_POP_BLACK_OR_AA_ALONE',
    [(29.94373303630061, -90.11102245722925),
     (29.916486014641155, -90.1134274682304),
     (29.96997651862463, -90.04540516552277),
     (29.917134335582233, -90.02251857412853)]],
   ['PERCENT_BELOW_POVERTY',
    [(29.929590710866847, -90.1011069860738),
     (30.007193965395146, -90.04677370843393),
     (29.970767609346883, -90.08271930404783),
     (29.944312071095965, -90.087257968359)]],
   ['MEDIAN_EARNINGS_IN_DOLLARS_POPULATION_16_YEARS_AND_OVER_WITH_EARNINGS',
    [(29.961717640071022, -90.07572975177396),
     (30.063984723552668, -89.92683607123439),
     (29.965122670268077, -90.12317361683627),
     (29.95304240179367, -90.12051707126734)]],
   ['PERCENT_HOUSEHOLD_NO_VEHICLE',
    [(29.92233030499849, -90.11677786713489),
     (29.921269030940792, -90.08490881819547),
     (29.93211814091381, -90.07440564582495),
     (30.027734838532172, -89.99047825149874)]]]],
 [14,
  [['UNEMPLOYMENT_OV16',
    [(29.932012413389835, -90.1310324526409),
     (29.920899878856787, -90.10022854511703),
     (29.965470498073227, -90.09854328947435),
     (29.937257817336842, -90.08516644244254)]],
   ['PERCENT_POP_BLACK_OR_AA_ALONE',
    [(29.966274103558547, -90.06138201995613),
     (29.97693105546159, -90.07947377087638),
     (29.93367004315433, -90.02576228731324),
     (30.038295864328294, -89.9768938936363)]],
   ['PERCENT_BELOW_POVERTY',
    [(30.011546298692807, -90.11363155917475),
     (30.00695718953099, -90.05061772709546),
     (29.95216851279533, -90.13247323177902),
     (29.977303145632984, -90.07699595231975)]],
   ['MEDIAN_EARNINGS_IN_DOLLARS_POPULATION_16_YEARS_AND_OVER_WITH_EARNINGS',
    [(29.991126821308278, -90.0706325895793),
     (30.002842226096494, -90.05306553922662),
     (29.931593020210233, -90.07386184258289),
     (30.000171641983187, -90.11501719972073)]],
   ['PERCENT_HOUSEHOLD_NO_VEHICLE',
    [(29.925405642650674, -90.0861033089271),
     (29.948113426367463, -90.03758323340831),
     (29.933592306894113, -90.07864764959837),
     (29.97145648044851, -90.11510988250184)]]]],
 [15,
  [['UNEMPLOYMENT_OV16',
    [(29.92907666839104, -89.99664056229545),
     (29.950187062596225, -90.12677104435905),
     (29.958599696767983, -90.12408573383641),
     (29.961398598101248, -90.02712367244821)]],
   ['PERCENT_POP_BLACK_OR_AA_ALONE',
    [(29.949247376206827, -90.10971204430011),
     (29.975229841633908, -90.08614012727732),
     (30.0064596507122, -90.07443708955485),
     (30.042124557349744, -89.9682292025465)]],
   ['PERCENT_BELOW_POVERTY',
    [(29.927762515331153, -90.08862137919495),
     (29.937354510772582, -90.08067140840642),
     (30.033631891322763, -90.00192786549641),
     (29.984026305342123, -90.05322042674793)]],
   ['MEDIAN_EARNINGS_IN_DOLLARS_POPULATION_16_YEARS_AND_OVER_WITH_EARNINGS',
    [(29.943582607167734, -90.093032719891),
     (29.985558718112795, -90.06178403580871),
     (29.93474768087204, -90.0876134478866),
     (29.953318145655853, -90.05301406576085)]],
   ['PERCENT_HOUSEHOLD_NO_VEHICLE',
    [(30.030199592605324, -90.06190246250924),
     (29.954032328946408, -90.11795229129966),
     (29.946523494264124, -90.04721334213735),
     (29.930669494348773, -90.04183531987248)]]]],
 [16,
  [['UNEMPLOYMENT_OV16',
    [(30.00256458302776, -90.11343351389228),
     (29.952062678933, -90.11511935793146),
     (30.029674964577108, -89.97930830640522),
     (29.926442450594205, -90.0241442256538)]],
   ['PERCENT_POP_BLACK_OR_AA_ALONE',
    [(29.931593020210233, -90.07386184258289),
     (29.958210709120063, -90.07058432130246),
     (29.98072895508885, -90.07178196152745),
     (29.983152852192543, -90.05100312411528)]],
   ['PERCENT_BELOW_POVERTY',
    [(29.928890445634078, -90.09764656061502),
     (30.037851329116588, -89.92682927727591),
     (29.965940133408566, -90.09205596191963),
     (29.972498090657663, -90.07297507514173)]],
   ['MEDIAN_EARNINGS_IN_DOLLARS_POPULATION_16_YEARS_AND_OVER_WITH_EARNINGS',
    [(29.92236345425373, -90.01724021275791),
     (29.97504322984091, -90.05036036425813),
     (29.964996130387338, -90.03842622684398),
     (29.92028114698426, -90.09471717154149)]],
   ['PERCENT_HOUSEHOLD_NO_VEHICLE',
    [(29.998883668454557, -90.11327826075666),
     (29.973651018169036, -90.08382609674983),
     (30.057719290458955, -89.96168455169688),
     (29.968610967461547, -90.11640240548209)]]]],
 [17,
  [['UNEMPLOYMENT_OV16',
    [(30.018874546808636, -90.09003820565432),
     (30.044672018242746, -89.9256594587736),
     (29.98504165267155, -90.0700717399064),
     (29.93523160459383, -90.09288874779874)]],
   ['PERCENT_POP_BLACK_OR_AA_ALONE',
    [(29.96201053765997, -90.05807603196267),
     (29.96736107449451, -90.04323517715613),
     (29.95767131524235, -90.1311272500562),
     (29.965846518434248, -90.11785359968762)]],
   ['PERCENT_BELOW_POVERTY',
    [(30.025792473449357, -90.07552370070566),
     (29.993089944347616, -90.07195604694468),
     (29.958515956813578, -90.13382297115466),
     (29.96574441441459, -90.12098365353097)]],
   ['MEDIAN_EARNINGS_IN_DOLLARS_POPULATION_16_YEARS_AND_OVER_WITH_EARNINGS',
    [(29.929503412023546, -90.09445459308563),
     (30.065392071747397, -89.95074020950379),
     (29.967206790783386, -90.06234362514529),
     (29.920274501735083, -90.1173287140671)]],
   ['PERCENT_HOUSEHOLD_NO_VEHICLE',
    [(30.013226224818776, -90.04909131964615),
     (29.966274103558547, -90.06138201995613),
     (30.02672519108512, -90.02573250905986),
     (29.983299175351647, -90.05812830043749)]]]],
 [18,
  [['UNEMPLOYMENT_OV16',
    [(29.927870131409623, -89.99043167385126),
     (30.031215197766823, -90.02626828495657),
     (29.90856969531018, -89.98965098037719),
     (29.99255911523705, -90.04287533990112)]],
   ['PERCENT_POP_BLACK_OR_AA_ALONE',
    [(29.926290207009348, -90.08019228206815),
     (29.9715907387162, -90.05687910140675),
     (29.95268091664926, -90.0122570000604),
     (29.957733539945732, -90.0941266298535)]],
   ['PERCENT_BELOW_POVERTY',
    [(29.981313486497356, -90.09873016600291),
     (29.915935019615834, -89.98842908384289),
     (29.958882716200037, -90.1222762277152),
     (30.029160642652243, -89.98259377418265)]],
   ['MEDIAN_EARNINGS_IN_DOLLARS_POPULATION_16_YEARS_AND_OVER_WITH_EARNINGS',
    [(29.965905821210068, -90.01423630753325),
     (29.96615955921011, -90.0758198968144),
     (29.965993799406593, -90.0619455358288),
     (29.92463081624526, -90.10984316958552)]],
   ['PERCENT_HOUSEHOLD_NO_VEHICLE',
    [(29.94657686406203, -90.1288256198729),
     (29.941829569815113, -90.06578215327069),
     (29.971631339030544, -90.07515444281825),
     (29.95939020172986, -90.07229054182724)]]]],
 [19,
  [['UNEMPLOYMENT_OV16',
    [(29.930210413286414, -90.08424980422157),
     (29.93952204697229, -90.09637037619316),
     (29.97585334185858, -90.0538309514594),
     (29.964452356028136, -90.00551854756971)]],
   ['PERCENT_POP_BLACK_OR_AA_ALONE',
    [(29.935022968671774, -90.12349958311353),
     (29.934849466410924, -90.08538972050304),
     (29.962103080691296, -90.02566890115125),
     (30.05514945579462, -89.96933262836279)]],
   ['PERCENT_BELOW_POVERTY',
    [(30.005964920790742, -90.06113764675781),
     (29.9263096479559, -90.09540527476094),
     (30.03113783802404, -90.02052573173931),
     (29.94070379452532, -90.08972588837948)]],
   ['MEDIAN_EARNINGS_IN_DOLLARS_POPULATION_16_YEARS_AND_OVER_WITH_EARNINGS',
    [(29.96588535995866, -90.11040616353702),
     (30.023619589102363, -89.98888328013537),
     (29.966943764254943, -90.09354060040317),
     (29.924525051960607, -90.08122534644154)]],
   ['PERCENT_HOUSEHOLD_NO_VEHICLE',
    [(29.925922625961956, -90.11675852550849),
     (29.97448252003698, -90.08107083441602),
     (29.970654343303355, -90.02878344108964),
     (29.982157355986672, -90.06754700144418)]]]]]